conv 320 4 3 64 1
conv 4 320 3 64 1
conv 320 320 1 64 10
conv 320 320 3 64 8
conv 640 640 1 32 10
conv 640 640 3 32 8
conv 640 320 3 32 1
conv 640 320 1 32 1
conv 1280 1280 1 16 10
conv 1280 1280 3 16 8
conv 1280 640 3 16 1
conv 1280 640 1 16 1
conv 1280 1280 3 8 12
conv 1280 1280 1 8 2
conv 1280 2560 3 8 3
conv 1280 2560 1 8 3
conv 1280 2560 3 16 2
conv 1280 2560 1 16 2
conv 1280 1920 3 16 1
conv 1280 1920 1 16 1
conv 640 1920 3 32 1
conv 640 1920 1 32 1
conv 640 1280 3 32 1
conv 640 1280 1 32 1
conv 640 960 3 32 1
conv 640 960 1 32 1
conv 320 960 3 64 1
conv 320 960 1 64 1
conv 320 640 3 64 2
conv 320 640 1 64 2
linear 320 320 4096 30
linear 320 768 77 10
linear 2560 320 4096 5
linear 320 1280 4096 5
linear 640 640 1024 30
linear 640 768 77 10
linear 5120 640 1024 5
linear 640 2560 1024 5
linear 1280 1280 256 30
linear 1280 768 77 12
linear 10240 1280 256 5
linear 1280 5120 256 5
linear 1280 1280 64 6
linear 10240 1280 64 1
linear 1280 5120 64 1
gnorm 320 64 13
gnorm 640 32 11
gnorm 320 32 1
gnorm 1280 16 11
gnorm 640 16 1
gnorm 1280 8 12
gnorm 2560 8 3
gnorm 2560 16 2
gnorm 1920 16 1
gnorm 1920 32 1
gnorm 1280 32 1
gnorm 960 32 1
gnorm 960 64 1
gnorm 640 64 2
lnorm 320 4096 15
lnorm 640 1024 15
lnorm 1280 256 15
lnorm 1280 64 3
